0 0
1 0
2 0
3 0
4 0
5 0
6 0
7 0
8 0
9 0
10 0
11 0
12 3
13 3
14 6
15 6
16 6
17 15
18 33
19 30
20 63
21 66
22 117
23 138
24 123
25 162
26 147
27 177
28 201
29 372
30 516
31 531
32 660
33 807
34 801
35 684
36 678
37 636
38 648
39 519
40 528
41 585
42 573
43 489
44 474
45 498
46 469
47 465
48 506
49 510
50 504
51 547
52 524
53 667
54 702
55 762
56 816
57 864
58 1119
59 1148
60 1532
61 1674
62 1973
63 2351
64 2626
65 2978
66 3299
67 3621
68 3918
69 3968
70 4044
71 3994
72 4208
73 4249
74 4606
75 4848
76 5122
77 4765
78 4510
79 4470
80 4269
81 4429
82 4332
83 4439
84 4732
85 4807
86 5045
87 4787
88 4871
89 5069
90 4780
91 5096
92 5451
93 5494
94 5662
95 5730
96 5884
97 5612
98 5518
99 5907
100 6071
101 6407
102 7095
103 7509
104 7504
105 7260
106 6822
107 7148
108 7049
109 7395
110 7600
111 7912
112 8330
113 8133
114 7799
115 7861
116 8440
117 8437
118 8546
119 8611
120 9383
121 9990
122 10372
123 10518
124 10398
125 10678
126 10670
127 10548
128 10204
129 10092
130 10108
131 10077
132 9645
133 10127
134 10633
135 10506
136 10338
137 10468
138 10338
139 10515
140 10306
141 9864
142 10149
143 10960
144 11252
145 10961
146 10526
147 10368
148 9988
149 9322
150 9189
151 9222
152 9515
153 9057
154 8446
155 7655
156 7064
157 6401
158 6009
159 5941
160 5889
161 6393
162 6064
163 5779
164 5799
165 5794
166 5633
167 5634
168 5607
169 5294
170 5164
171 5089
172 5111
173 5257
174 5407
175 5402
176 5312
177 5426
178 5113
179 4959
180 5047
181 4830
182 5111
183 4995
184 5128
185 5317
186 5706
187 6223
188 6395
189 6126
190 5972
191 5613
192 4824
193 4631
194 3981
195 3890
196 3925
197 3956
198 3843
199 3601
200 3676
201 3392
202 3689
203 3315
204 3257
205 3360
206 3262
207 3349
208 3170
209 3029
210 2891
211 2970
212 2850
213 2671
214 2393
215 2480
216 2478
217 2256
218 2201
219 2284
220 2383
221 2414
222 2067
223 2079
224 1957
225 1784
226 1894
227 1915
228 1962
229 2028
230 2022
231 1985
232 1857
233 1922
234 1993
235 1677
236 1982
237 2041
238 1560
239 1502
240 1627
241 1676
242 1756
243 1498
244 1167
245 1155
246 1425
247 1665
248 1491
249 1146
250 1284
251 1542
252 1338
253 1242
254 1068
255 2031
